intrinsic:
365.8465600213829 0.0 313.3173401391812 
0.0 365.309503968534 264.7056816361057 
0.0 0.0 1.0 
distortion:
0.052590543313870135 -0.08826510057091201 0.0029646091619209168 -0.002931008053878634 0.03453724505531558 
