intrinsic:
367.49776492488814 0.0 294.0660771028299 
0.0 367.05992594517335 259.7913673169062 
0.0 0.0 1.0 
distortion:
0.07534564944588305 -0.1799054661391091 -0.0005213410661465174 -0.0015129453004566007 0.13007204341471987 
